0 nop / --
1 chgi val / val -> r0
2 chgm adr / [adr] -> r0
3 stm adr / r1 -> [adr]
4 copie / r0 -> r1
5 decg / décalage des bits de r1 à gauche
6 decd / décalage des bits de r1 à droite
7 add / r1 + r0 -> r1
8 sous / r1 - r0 -> r1
9 et / r1 et (bit à bit) r0 -> r1
10 ou  / r1 ou (bit à bit) r0 -> r1
11 non / non r1 -> r1
12 saut adr / adr -> co
13 sautz / saut si r1=0
14 arret / arret
15

rom = [[0,0,0,0,0,0,0,0],
		[0,0,0,0,0,0,0,0],
		[0,0,0,0,0,0,0,0],
		[0,0,0,0,0,0,0,0],
		[0,0,0,0,0,0,0,0],
		[0,0,0,0,0,0,0,0],
		[0,0,0,0,0,0,0,0],
		[0,0,0,0,0,0,0,0],
		[0,0,0,0,0,0,0,0],
		[0,0,0,0,0,0,0,0],
		[0,0,0,0,0,0,0,0],
		[0,0,0,0,0,0,0,0],
		[0,0,0,0,0,0,0,0],
		[0,0,0,0,0,0,0,0],
		[0,0,0,0,0,0,0,0],
		[0,0,0,0,0,0,0,0],
		[0,0,0,0,0,0,0,0],
		[0,0,0,0,0,0,0,0],
		[0,0,0,0,0,0,0,0],
		[0,0,0,0,0,0,0,0],
		[0,0,0,0,0,0,0,0],
		[0,0,0,0,0,0,0,0],
		[0,0,0,0,0,0,0,0],
		[0,0,0,0,0,0,0,0],
		[0,0,0,0,0,0,0,0],
		[0,0,0,0,0,0,0,0],
		[0,0,0,0,0,0,0,0],
		[0,0,0,0,0,0,0,0],
		[0,0,0,0,0,0,0,0],
		[0,0,0,0,0,0,0,0],
		[0,0,0,0,0,0,0,0],
		[0,0,0,0,0,0,0,0],
		[0,0,0,0,0,0,0,0],
		[0,0,0,0,0,0,0,0],
		[0,0,0,0,0,0,0,0],
		[0,0,0,0,0,0,0,0],
		[0,0,0,0,0,0,0,0],
		[0,0,0,0,0,0,0,0],
		[0,0,0,0,0,0,0,0],
		[0,0,0,0,0,0,0,0],
		[0,0,0,0,0,0,0,0],
		[0,0,0,0,0,0,0,0],
		[0,0,0,0,0,0,0,0],
		[0,0,0,0,0,0,0,0],
		[0,0,0,0,0,0,0,0],
		[0,0,0,0,0,0,0,0],
		[0,0,0,0,0,0,0,0],
		[0,0,0,0,0,0,0,0],
		[0,0,0,0,0,0,0,0],
		[0,0,0,0,0,0,0,0],
		[0,0,0,0,0,0,0,0],
		[0,0,0,0,0,0,0,0],
		[0,0,0,0,0,0,0,0],
		[0,0,0,0,0,0,0,0],
		[0,0,0,0,0,0,0,0],
		[0,0,0,0,0,0,0,0],
		[0,0,0,0,0,0,0,0],
		[0,0,0,0,0,0,0,0],
		[0,0,0,0,0,0,0,0],
		[0,0,0,0,0,0,0,0],
		[0,0,0,0,0,0,0,0],
		[0,0,0,0,0,0,0,0],
		[0,0,0,0,0,0,0,0],
		[0,0,0,0,0,0,0,0],
		[0,0,0,0,0,0,0,0],
		[0,0,0,0,0,0,0,0],
		[0,0,0,0,0,0,0,0],
		[0,0,0,0,0,0,0,0],
		[0,0,0,0,0,0,0,0],
		[0,0,0,0,0,0,0,0],
		[0,0,0,0,0,0,0,0],
		[0,0,0,0,0,0,0,0],
		[0,0,0,0,0,0,0,0],
		[0,0,0,0,0,0,0,0],
		[0,0,0,0,0,0,0,0],
		[0,0,0,0,0,0,0,0],
		[0,0,0,0,0,0,0,0],
		[0,0,0,0,0,0,0,0],
		[0,0,0,0,0,0,0,0],
		[0,0,0,0,0,0,0,0],
		[0,0,0,0,0,0,0,0],
		[0,0,0,0,0,0,0,0],
		[0,0,0,0,0,0,0,0],
		[0,0,0,0,0,0,0,0],
		[0,0,0,0,0,0,0,0],
		[0,0,0,0,0,0,0,0],
		[0,0,0,0,0,0,0,0],
		[0,0,0,0,0,0,0,0],
		[0,0,0,0,0,0,0,0],
		[0,0,0,0,0,0,0,0],
		[0,0,0,0,0,0,0,0],
		[0,0,0,0,0,0,0,0],
		[0,0,0,0,0,0,0,0],
		[0,0,0,0,0,0,0,0],
		[0,0,0,0,0,0,0,0],
		[0,0,0,0,0,0,0,0],
		[0,0,0,0,0,0,0,0],
		[0,0,0,0,0,0,0,0],
		[0,0,0,0,0,0,0,0],
		[0,0,0,0,0,0,0,0],
		[0,0,0,0,0,0,0,0],
		[0,0,0,0,0,0,0,0],
		[0,0,0,0,0,0,0,0],
		[0,0,0,0,0,0,0,0],
		[0,0,0,0,0,0,0,0],
		[0,0,0,0,0,0,0,0],
		[0,0,0,0,0,0,0,0],
		[0,0,0,0,0,0,0,0],
		[0,0,0,0,0,0,0,0],
		[0,0,0,0,0,0,0,0],
		[0,0,0,0,0,0,0,0],
		[0,0,0,0,0,0,0,0],
		[0,0,0,0,0,0,0,0],
		[0,0,0,0,0,0,0,0],
		[0,0,0,0,0,0,0,0],
		[0,0,0,0,0,0,0,0],
		[0,0,0,0,0,0,0,0],
		[0,0,0,0,0,0,0,0],
		[0,0,0,0,0,0,0,0],
		[0,0,0,0,0,0,0,0],
		[0,0,0,0,0,0,0,0],
		[0,0,0,0,0,0,0,0],
		[0,0,0,0,0,0,0,0],
		[0,0,0,0,0,0,0,0],
		[0,0,0,0,0,0,0,0],
		[0,0,0,0,0,0,0,0],
		[0,0,0,0,0,0,0,0],
		[0,0,0,0,0,0,0,0],
		[0,0,0,0,0,0,0,0],
		[0,0,0,0,0,0,0,0],
		[0,0,0,0,0,0,0,0],
		[0,0,0,0,0,0,0,0],
		[0,0,0,0,0,0,0,0],
		[0,0,0,0,0,0,0,0],
		[0,0,0,0,0,0,0,0],
		[0,0,0,0,0,0,0,0],
		[0,0,0,0,0,0,0,0],
		[0,0,0,0,0,0,0,0],
		[0,0,0,0,0,0,0,0],
		[0,0,0,0,0,0,0,0],
		[0,0,0,0,0,0,0,0],
		[0,0,0,0,0,0,0,0],
		[0,0,0,0,0,0,0,0],
		[0,0,0,0,0,0,0,0],
		[0,0,0,0,0,0,0,0],
		[0,0,0,0,0,0,0,0],
		[0,0,0,0,0,0,0,0],
		[0,0,0,0,0,0,0,0],
		[0,0,0,0,0,0,0,0],
		[0,0,0,0,0,0,0,0],
		[0,0,0,0,0,0,0,0],
		[0,0,0,0,0,0,0,0],
		[0,0,0,0,0,0,0,0],
		[0,0,0,0,0,0,0,0],
		[0,0,0,0,0,0,0,0],
		[0,0,0,0,0,0,0,0],
		[0,0,0,0,0,0,0,0],
		[0,0,0,0,0,0,0,0],
		[0,0,0,0,0,0,0,0],
		[0,0,0,0,0,0,0,0],
		[0,0,0,0,0,0,0,0],
		[0,0,0,0,0,0,0,0],
		[0,0,0,0,0,0,0,0],
		[0,0,0,0,0,0,0,0],
		[0,0,0,0,0,0,0,0],
		[0,0,0,0,0,0,0,0],
		[0,0,0,0,0,0,0,0],
		[0,0,0,0,0,0,0,0],
		[0,0,0,0,0,0,0,0],
		[0,0,0,0,0,0,0,0],
		[0,0,0,0,0,0,0,0],
		[0,0,0,0,0,0,0,0],
		[0,0,0,0,0,0,0,0],
		[0,0,0,0,0,0,0,0],
		[0,0,0,0,0,0,0,0],
		[0,0,0,0,0,0,0,0],
		[0,0,0,0,0,0,0,0],
		[0,0,0,0,0,0,0,0],
		[0,0,0,0,0,0,0,0],
		[0,0,0,0,0,0,0,0],
		[0,0,0,0,0,0,0,0],
		[0,0,0,0,0,0,0,0],
		[0,0,0,0,0,0,0,0],
		[0,0,0,0,0,0,0,0],
		[0,0,0,0,0,0,0,0],
		[0,0,0,0,0,0,0,0],
		[0,0,0,0,0,0,0,0],
		[0,0,0,0,0,0,0,0],
		[0,0,0,0,0,0,0,0],
		[0,0,0,0,0,0,0,0],
		[0,0,0,0,0,0,0,0],
		[0,0,0,0,0,0,0,0],
		[0,0,0,0,0,0,0,0],
		[0,0,0,0,0,0,0,0],
		[0,0,0,0,0,0,0,0],
		[0,0,0,0,0,0,0,0],
		[0,0,0,0,0,0,0,0],
		[0,0,0,0,0,0,0,0],
		[0,0,0,0,0,0,0,0],
		[0,0,0,0,0,0,0,0],
		[0,0,0,0,0,0,0,0],
		[0,0,0,0,0,0,0,0],
		[0,0,0,0,0,0,0,0],
		[0,0,0,0,0,0,0,0],
		[0,0,0,0,0,0,0,0],
		[0,0,0,0,0,0,0,0],
		[0,0,0,0,0,0,0,0],
		[0,0,0,0,0,0,0,0],
		[0,0,0,0,0,0,0,0],
		[0,0,0,0,0,0,0,0],
		[0,0,0,0,0,0,0,0],
		[0,0,0,0,0,0,0,0],
		[0,0,0,0,0,0,0,0],
		[0,0,0,0,0,0,0,0],
		[0,0,0,0,0,0,0,0],
		[0,0,0,0,0,0,0,0],
		[0,0,0,0,0,0,0,0],
		[0,0,0,0,0,0,0,0],
		[0,0,0,0,0,0,0,0],
		[0,0,0,0,0,0,0,0],
		[0,0,0,0,0,0,0,0],
		[0,0,0,0,0,0,0,0],
		[0,0,0,0,0,0,0,0],
		[0,0,0,0,0,0,0,0],
		[0,0,0,0,0,0,0,0],
		[0,0,0,0,0,0,0,0],
		[0,0,0,0,0,0,0,0],
		[0,0,0,0,0,0,0,0],
		[0,0,0,0,0,0,0,0],
		[0,0,0,0,0,0,0,0],
		[0,0,0,0,0,0,0,0],
		[0,0,0,0,0,0,0,0],
		[0,0,0,0,0,0,0,0],
		[0,0,0,0,0,0,0,0],
		[0,0,0,0,0,0,0,0],
		[0,0,0,0,0,0,0,0],
		[0,0,0,0,0,0,0,0],
		[0,0,0,0,0,0,0,0],
		[0,0,0,0,0,0,0,0],
		[0,0,0,0,0,0,0,0],
		[0,0,0,0,0,0,0,0],
		[0,0,0,0,0,0,0,0],
		[0,0,0,0,0,0,0,0],
		[0,0,0,0,0,0,0,0],
		[0,0,0,0,0,0,0,0],
		[0,0,0,0,0,0,0,0],
		[0,0,0,0,0,0,0,0],
		[0,0,0,0,0,0,0,0],
		[0,0,0,0,0,0,0,0],
		[0,0,0,0,0,0,0,0],
		[0,0,0,0,0,0,0,0],
		[0,0,0,0,0,0,0,0],
		[0,0,0,0,0,0,0,0],
		[0,0,0,0,0,0,0,0],
		[0,0,0,0,0,0,0,0],
		[0,0,0,0,0,0,0,0]]